0 185.75 65.5 120.33
1 185.75 65.51 120.33
2 185.75 65.52 120.33
3 185.75 65.53 120.33
4 185.75 65.54 120.33
5 185.75 65.55 120.33
6 185.75 65.56 120.33
7 185.75 65.57 120.33
8 185.75 65.58 120.33
9 185.75 65.59 120.33
10 185.75 65.6 120.33
11 185.75 65.61 120.33
12 185.75 65.62 120.33
13 185.75 65.63 120.33
14 185.75 65.64 120.33
15 185.75 65.65 120.33
16 185.75 65.66 120.33
17 185.75 65.67 120.33
18 185.75 65.68 120.33
19 185.75 65.69 120.33
20 185.75 65.7 120.33
21 185.75 65.71 120.33
22 185.75 65.72 120.33
23 185.75 65.73 120.33
24 185.75 65.74 120.33
25 185.75 65.75 120.33
26 185.75 65.76 120.33
27 185.75 65.77 120.33
28 185.75 65.78 120.33
29 185.75 65.79 120.33
30 185.75 65.8 120.33
31 185.75 65.81 120.33
32 185.75 65.82 120.33
33 185.75 65.83 120.33
34 185.75 65.84 120.33
35 185.75 65.85 120.33
36 185.75 65.86 120.33
37 185.75 65.87 120.33
38 185.75 65.88 120.33
39 185.75 65.89 120.33
